00002283
00402303
00802383
00c02403
d002f0d3
d0037153
d003f1d3
d0047253
37800537
00000013
00000013
f00504d3
00000013
00000013
1090f0d3
10917153
1091f1d3
10927253
0020f2d3
00000013
00000013
0032f353
00000013
00000013
004373d3
00000013
00000013
007023a7
00000013
00000013
c003f4d3
00000013
00000013
00902323
00000063
00000013
00000013
00000013
00000013
00000013
00000013
00000013
00000013
00000013
00000013
00000013
00000013
00000013
00000013
00000013
00000013
00000013
00000013
00000013
00000013
00000013
00000013
00000013
00000013
00000013
00000013
00000013
00000013
00000013
00000013
00000013
00000013
00000013
00000013
